3.841459
5.991465
7.814728
9.487729
11.0705
12.59159
14.06714
15.50731
16.91898
18.30704
19.67514
21.02607
22.36203
23.68479
24.99579
26.29623
27.58711
28.8693
30.14353
31.41043
32.67057
33.92444
35.17246
36.41503
37.65248
38.88514
40.11327
41.33714
42.55697
43.77297
44.98534
46.19426
47.39988
48.60237
49.80185
50.99846
52.19232
53.38354
54.57223
55.75848
56.94239
58.12404
59.30351
60.48089
61.65623
62.82962
64.00111
65.17077
66.33865
67.50481
68.66929
69.83216
70.99345
72.15322
73.31149
74.46832
75.62375
76.7778
77.93052
79.08194
80.2321
81.38102
82.52873
83.67526
84.82065
85.96491
87.10807
88.25016
89.39121
90.53123
91.67024
92.80827
93.94534
95.08147
96.21667
97.35097
98.48438
99.61693
100.7486
101.8795
103.0095
104.1387
105.2672
106.3948
107.5217
108.6479
109.7733
110.898
112.022
113.1453
114.2679
115.3898
116.511
117.6317
118.7516
119.8709
120.9896
122.1077
123.2252
124.3421
125.4584
126.5741
127.6893
128.8039
129.918
131.0315
132.1444
133.2569
134.3688
135.4802
136.5911
137.7015
138.8114
139.9208
141.0297
142.1382
143.2461
144.3537
145.4607
146.5674
147.6735
148.7793
149.8846
150.9894
152.0939
153.1979
154.3015
155.4047
156.5075
157.6099
158.7119
159.8135
160.9148
162.0156
163.1161
164.2162
165.3159
166.4153
167.5143
168.613
169.7113
170.8092
171.9068
173.0041
174.101
175.1976
176.2938
177.3897
178.4854
179.5806
180.6756
181.7702
182.8646
183.9586
185.0523
186.1458
187.2389
188.3317
189.4242
190.5165
191.6084
192.7001
193.7914
194.8825
195.9734
197.0639
198.1542
199.2442
200.3339
201.4234
202.5126
203.6015
204.6902
205.7786
206.8668
207.9547
209.0424
210.1298
211.217
212.3039
213.3906
214.4771
215.5633
216.6492
217.735
218.8205
219.9058
220.9908
222.0756
223.1602
224.2446
225.3288
226.4127
227.4964
228.5799
229.6632
230.7463
231.8292
232.9118
233.9943
235.0765
236.1585
237.2404
238.322
239.4034
240.4847
241.5657
242.6465
243.7272
244.8076
245.8879
246.968
248.0478
249.1275
250.207
251.2864
252.3655
253.4445
254.5232
255.6018
256.6802
257.7585
258.8365
259.9144
260.9921
262.0697
263.147
264.2242
265.3012
266.3781
267.4548
268.5313
269.6077
270.6839
271.7599
272.8358
273.9115
274.987
276.0624
277.1376
278.2127
279.2876
280.3624
281.437
282.5115
283.5858
284.6599
285.7339
286.8078
287.8815
288.9551
290.0285
291.1017
292.1749
293.2478
294.3207
295.3934
296.4659
297.5383
298.6106
299.6827
300.7547
301.8266
302.8983
303.9699
305.0413
306.1126
307.1838
308.2548
309.3258
310.3965
311.4672
312.5377
313.6081
314.6784
315.7485
316.8185
317.8884
318.9581
320.0278
321.0973
322.1667
323.2359
324.3051
325.3741
326.443
327.5117
328.5804
329.6489
330.7174
331.7856
332.8538
333.9219
334.9898
336.0577
337.1254
338.193
339.2605
340.3279
341.3951
342.4623
343.5293
344.5962
345.663
346.7297
347.7963
348.8628
349.9292
350.9955
352.0616
353.1277
354.1937
355.2595
356.3252
357.3909
358.4564
359.5218
360.5872
361.6524
362.7175
363.7825
364.8474
365.9123
366.977
368.0416
369.1061
370.1705
371.2348
372.2991
373.3632
374.4272
375.4911
376.555
377.6187
378.6823
379.7459
380.8093
381.8727
382.9359
383.9991
385.0622
386.1252
387.1881
388.2509
389.3136
390.3762
391.4387
392.5012
393.5635
394.6258
395.6879
396.75
397.812
398.8739
399.9357
400.9974
402.0591
403.1206
404.1821
405.2435
406.3048
407.366
408.4271
409.4882
410.5492
411.61
412.6708
413.7315
414.7922
415.8527
416.9132
417.9736
419.0339
420.0941
421.1542
422.2143
423.2743
424.3342
425.394
426.4537
427.5134
428.573
429.6325
430.6919
431.7513
432.8105
433.8697
434.9289
435.9879
437.0469
438.1058
439.1646
440.2233
441.282
442.3406
443.3991
444.4576
445.5159
446.5742
447.6325
448.6906
449.7487
450.8067
451.8646
452.9225
453.9803
455.038
456.0957
457.1533
458.2108
459.2682
460.3256
461.3829
462.4401
463.4973
464.5544
465.6114
466.6683
467.7252
468.7821
469.8388
470.8955
471.9521
473.0087
474.0651
475.1216
476.1779
477.2342
478.2904
479.3466
480.4027
481.4587
482.5146
483.5705
484.6264
485.6821
486.7378
487.7935
488.849
489.9045
490.96
492.0154
493.0707
494.126
495.1812
496.2363
497.2914
498.3464
499.4013
500.4562
501.511
502.5658
503.6205
504.6752
505.7297
506.7843
507.8387
508.8931
509.9475
511.0018
512.056
513.1102
514.1643
515.2183
516.2723
517.3263
518.3801
519.434
520.4877
521.5414
522.5951
523.6487
524.7022
525.7557
526.8091
527.8625
528.9158
529.969
531.0222
532.0754
533.1285
534.1815
535.2345
536.2874
537.3403
538.3931
539.4458
540.4985
541.5512
542.6038
543.6563
544.7088
545.7612
546.8136
547.866
548.9182
549.9705
551.0226
552.0747
553.1268
554.1788
555.2308
556.2827
557.3346
558.3864
559.4381
560.4898
561.5415
562.5931
563.6446
564.6961
565.7476
566.799
567.8503
568.9016
569.9529
571.0041
572.0552
573.1063
574.1574
575.2084
576.2594
577.3103
578.3611
579.4119
580.4627
581.5134
582.5641
583.6147
584.6653
585.7158
586.7662
587.8167
588.867
589.9174
590.9677
592.0179
593.0681
594.1182
595.1683
596.2184
597.2684
598.3183
599.3683
600.4181
601.4679
602.5177
603.5674
604.6171
605.6668
606.7164
607.7659
608.8154
609.8649
610.9143
611.9637
613.013
614.0623
615.1115
616.1607
617.2098
618.2589
619.308
620.357
621.406
622.4549
623.5038
624.5527
625.6015
626.6502
627.6989
628.7476
629.7962
630.8448
631.8934
632.9419
633.9903
635.0388
636.0871
637.1355
638.1838
639.232
640.2802
641.3284
642.3765
643.4246
644.4727
645.5207
646.5686
647.6166
648.6644
649.7123
650.7601
651.8078
652.8556
653.9032
654.9509
655.9985
657.0461
658.0936
659.1411
660.1885
661.2359
662.2833
663.3306
664.3779
665.4251
666.4723
667.5195
668.5666
669.6137
670.6608
671.7078
672.7548
673.8017
674.8486
675.8955
676.9423
677.9891
679.0358
680.0825
681.1292
682.1758
683.2224
684.269
685.3155
686.362
687.4085
688.4549
689.5012
690.5476
691.5939
692.6401
693.6864
694.7326
695.7787
696.8248
697.8709
698.917
699.963
701.009
702.0549
703.1008
704.1467
705.1925
706.2383
707.284
708.3298
709.3755
710.4211
711.4667
712.5123
713.5579
714.6034
715.6489
716.6943
717.7397
718.7851
719.8304
720.8757
721.921
722.9663
724.0115
725.0566
726.1018
727.1469
728.1919
729.237
730.282
731.3269
732.3719
733.4168
734.4616
735.5065
736.5513
737.596
738.6408
739.6855
740.7301
741.7748
742.8194
743.8639
744.9085
745.953
746.9975
748.0419
749.0863
750.1307
751.175
752.2193
753.2636
754.3079
755.3521
756.3962
757.4404
758.4845
759.5286
760.5727
761.6167
762.6607
763.7046
764.7486
765.7925
766.8363
767.8802
768.924
769.9677
771.0115
772.0552
773.0989
774.1425
775.1861
776.2297
777.2733
778.3168
779.3603
780.4038
781.4472
782.4906
783.534
784.5773
785.6206
786.6639
787.7072
788.7504
789.7936
790.8368
791.8799
792.923
793.9661
795.0091
796.0522
797.0951
798.1381
799.181
800.2239
801.2668
802.3096
803.3525
804.3952
805.438
806.4807
807.5234
808.5661
809.6087
810.6513
811.6939
812.7365
813.779
814.8215
815.864
816.9064
817.9488
818.9912
820.0336
821.0759
822.1182
823.1605
824.2027
825.2449
826.2871
827.3293
828.3714
829.4135
830.4556
831.4977
832.5397
833.5817
834.6236
835.6656
836.7075
837.7494
838.7913
839.8331
840.8749
841.9167
842.9584
844.0001
845.0418
846.0835
847.1252
848.1668
849.2084
850.2499
851.2915
852.333
853.3745
854.4159
855.4574
856.4988
857.5402
858.5815
859.6228
860.6641
861.7054
862.7467
863.7879
864.8291
865.8703
866.9114
867.9525
868.9936
870.0347
871.0757
872.1168
873.1577
874.1987
875.2397
876.2806
877.3215
878.3623
879.4032
880.444
881.4848
882.5255
883.5663
884.607
885.6477
886.6884
887.729
888.7696
889.8102
890.8508
891.8913
892.9318
893.9723
895.0128
896.0532
897.0937
898.1341
899.1744
900.2148
901.2551
902.2954
903.3357
904.3759
905.4161
906.4563
907.4965
908.5367
909.5768
910.6169
911.657
912.6971
913.7371
914.7771
915.8171
916.857
917.897
918.9369
919.9768
921.0167
922.0565
923.0963
924.1361
925.1759
926.2157
927.2554
928.2951
929.3348
930.3744
931.4141
932.4537
933.4933
934.5329
935.5724
936.6119
937.6514
938.6909
939.7304
940.7698
941.8092
942.8486
943.888
944.9273
945.9666
947.0059
948.0452
949.0844
950.1237
951.1629
952.2021
953.2412
954.2804
955.3195
956.3586
957.3977
958.4367
959.4757
960.5147
961.5537
962.5927
963.6316
964.6706
965.7095
966.7483
967.7872
968.826
969.8648
970.9036
971.9424
972.9811
974.0199
975.0586
976.0973
977.1359
978.1746
979.2132
980.2518
981.2904
982.3289
983.3674
984.406
985.4444
986.4829
987.5214
988.5598
989.5982
990.6366
991.675
992.7133
993.7516
994.7899
995.8282
996.8665
997.9047
998.9429
999.9811
1001.019
1002.057
1003.096
1004.134
1005.172
1006.21
1007.248
1008.286
1009.324
1010.362
1011.4
1012.438
1013.476
1014.514
1015.552
1016.59
1017.627
1018.665
1019.703
1020.741
1021.779
1022.816
1023.854
1024.892
1025.93
1026.967
1028.005
1029.043
1030.08
1031.118
1032.155
1033.193
1034.23
1035.268
1036.305
1037.343
1038.38
1039.418
1040.455
1041.493
1042.53
1043.567
1044.605
1045.642
1046.679
1047.717
1048.754
1049.791
1050.828
1051.866
1052.903
1053.94
1054.977
1056.014
1057.051
1058.088
1059.126
1060.163
1061.2
1062.237
1063.274
1064.311
1065.348
1066.385
1067.421
1068.458
1069.495
1070.532
1071.569
1072.606
1073.643
1074.679
