6.634897
9.21034
11.34487
13.2767
15.08627
16.81189
18.47531
20.09024
21.66599
23.20925
24.72497
26.21697
27.68825
29.14124
30.57791
31.99993
33.40866
34.80531
36.19087
37.56623
38.93217
40.28936
41.6384
42.97982
44.3141
45.64168
46.96294
48.27824
49.58788
50.89218
52.19139
53.48577
54.77554
56.06091
57.34207
58.61921
59.8925
61.16209
62.42812
63.69074
64.95007
66.20624
67.45935
68.70951
69.95683
71.2014
72.44331
73.68264
74.91947
76.15389
77.38596
78.61576
79.84334
81.06877
82.29212
83.51343
84.73277
85.95018
87.16571
88.37942
89.59134
90.80153
92.01002
93.21686
94.42208
95.62572
96.82782
98.0284
99.22752
100.4252
101.6214
102.8163
104.0098
105.202
106.3929
107.5825
108.7709
109.9581
111.144
112.3288
113.5124
114.6949
115.8763
117.0565
118.2357
119.4139
120.591
121.7671
122.9422
124.1163
125.2895
126.4617
127.6329
128.8032
129.9727
131.1412
132.3089
133.4757
134.6416
135.8067
136.971
138.1345
139.2971
140.459
141.6201
142.7804
143.94
145.0988
146.2569
147.4143
148.571
149.7269
150.8822
152.0367
153.1906
154.3438
155.4964
156.6483
157.7995
158.9502
160.1002
161.2495
162.3983
163.5465
164.694
165.841
166.9874
168.1332
169.2784
170.4231
171.5673
172.7108
173.8539
174.9963
176.1383
177.2797
178.4207
179.5611
180.7009
181.8403
182.9792
184.1176
185.2555
186.393
187.5299
188.6664
189.8024
190.938
192.073
193.2077
194.3419
195.4756
196.6089
197.7418
198.8742
200.0062
201.1378
202.269
203.3998
204.5301
205.66
206.7896
207.9187
209.0474
210.1758
211.3037
212.4313
213.5585
214.6853
215.8117
216.9378
218.0635
219.1888
220.3138
221.4384
222.5626
223.6865
224.8101
225.9333
227.0561
228.1786
229.3008
230.4227
231.5442
232.6653
233.7862
234.9067
236.0269
237.1468
238.2664
239.3856
240.5046
241.6232
242.7415
243.8595
244.9772
246.0947
247.2118
248.3286
249.4451
250.5614
251.6773
252.793
253.9083
255.0234
256.1382
257.2528
258.367
259.481
260.5947
261.7082
262.8213
263.9342
265.0469
266.1592
267.2714
268.3832
269.4948
270.6061
271.7172
272.8281
273.9386
275.049
276.1591
277.2689
278.3785
279.4879
280.597
281.7058
282.8145
283.9229
285.031
286.139
287.2467
288.3542
289.4614
290.5684
291.6752
292.7818
293.8881
294.9942
296.1001
297.2058
298.3113
299.4165
300.5215
301.6264
302.731
303.8354
304.9396
306.0435
307.1473
308.2509
309.3542
310.4574
311.5603
312.6631
313.7657
314.868
315.9702
317.0721
318.1739
319.2755
320.3768
321.478
322.579
323.6798
324.7804
325.8809
326.9811
328.0812
329.181
330.2807
331.3802
332.4796
333.5787
334.6777
335.7765
336.8751
337.9735
339.0718
340.1698
341.2677
342.3655
343.463
344.5604
345.6577
346.7547
347.8516
348.9483
350.0449
351.1412
352.2375
353.3335
354.4294
355.5251
356.6207
357.7161
358.8113
359.9064
361.0014
362.0961
363.1907
364.2852
365.3795
366.4736
367.5676
368.6615
369.7552
370.8487
371.9421
373.0353
374.1284
375.2213
376.3141
377.4068
378.4993
379.5916
380.6838
381.7759
382.8678
383.9596
385.0512
386.1427
387.234
388.3252
389.4163
390.5072
391.598
392.6887
393.7792
394.8696
395.9598
397.0499
398.1399
399.2297
400.3194
401.409
402.4984
403.5877
404.6769
405.7659
406.8548
407.9436
409.0323
410.1208
411.2092
412.2975
413.3856
414.4736
415.5615
416.6493
417.7369
418.8245
419.9118
420.9991
422.0863
423.1733
424.2602
425.347
426.4336
427.5202
428.6066
429.6929
430.7791
431.8652
432.9511
434.037
435.1227
436.2083
437.2938
438.3791
439.4644
440.5495
441.6345
442.7195
443.8043
444.8889
445.9735
447.058
448.1423
449.2266
450.3107
451.3947
452.4786
453.5625
454.6461
455.7297
456.8132
457.8966
458.9799
460.063
461.1461
462.229
463.3119
464.3946
465.4772
466.5598
467.6422
468.7245
469.8067
470.8888
471.9708
473.0528
474.1346
475.2163
476.2979
477.3794
478.4608
479.5421
480.6233
481.7044
482.7855
483.8664
484.9472
486.0279
487.1085
488.1891
489.2695
490.3498
491.4301
492.5102
493.5903
494.6702
495.7501
496.8298
497.9095
498.9891
500.0686
501.148
502.2273
503.3065
504.3856
505.4646
506.5435
507.6224
508.7011
509.7798
510.8584
511.9369
513.0153
514.0936
515.1718
516.2499
517.328
518.4059
519.4838
520.5616
521.6392
522.7169
523.7944
524.8718
525.9492
527.0264
528.1036
529.1807
530.2577
531.3346
532.4115
533.4882
534.5649
535.6415
536.718
537.7944
538.8708
539.947
541.0232
542.0993
543.1753
544.2512
545.3271
546.4029
547.4786
548.5542
549.6297
550.7052
551.7805
552.8558
553.931
555.0062
556.0812
557.1562
558.2311
559.3059
560.3807
561.4554
562.53
563.6045
564.6789
565.7533
566.8276
567.9018
568.9759
570.05
571.124
572.1979
573.2717
574.3455
575.4192
576.4928
577.5664
578.6398
579.7132
580.7865
581.8598
582.933
584.0061
585.0791
586.1521
587.225
588.2978
589.3705
590.4432
591.5158
592.5884
593.6608
594.7332
595.8055
596.8778
597.95
599.0221
600.0942
601.1661
602.238
603.3099
604.3817
605.4534
606.525
607.5966
608.6681
609.7395
610.8109
611.8822
612.9534
614.0246
615.0957
616.1667
617.2377
618.3086
619.3794
620.4502
621.5209
622.5915
623.6621
624.7326
625.803
626.8734
627.9437
629.014
630.0842
631.1543
632.2243
633.2943
634.3643
635.4341
636.5039
637.5737
638.6434
639.713
640.7826
641.852
642.9215
643.9908
645.0602
646.1294
647.1986
648.2677
649.3368
650.4058
651.4747
652.5436
653.6124
654.6812
655.7499
656.8185
657.8871
658.9556
660.0241
661.0925
662.1609
663.2291
664.2974
665.3655
666.4337
667.5017
668.5697
669.6376
670.7055
671.7733
672.8411
673.9088
674.9764
676.044
677.1116
678.1791
679.2465
680.3138
681.3811
682.4484
683.5156
684.5827
685.6498
686.7168
687.7838
688.8507
689.9176
690.9844
692.0511
693.1178
694.1845
695.2511
696.3176
697.3841
698.4505
699.5169
700.5832
701.6495
702.7157
703.7818
704.8479
705.914
706.98
708.0459
709.1118
710.1776
711.2434
712.3091
713.3748
714.4404
715.506
716.5715
717.637
718.7024
719.7678
720.8331
721.8984
722.9636
724.0287
725.0939
726.1589
727.2239
728.2889
729.3538
730.4186
731.4835
732.5482
733.6129
734.6776
735.7422
736.8067
737.8712
738.9357
740.0001
741.0645
742.1288
743.193
744.2572
745.3214
746.3855
747.4496
748.5136
749.5776
750.6415
751.7054
752.7692
753.833
754.8967
755.9604
757.024
758.0876
759.1511
760.2146
761.278
762.3414
763.4048
764.4681
765.5313
766.5946
767.6577
768.7208
769.7839
770.8469
771.9099
772.9728
774.0357
775.0985
776.1613
777.2241
778.2868
779.3494
780.412
781.4746
782.5371
783.5996
784.662
785.7244
786.7868
787.8491
788.9113
789.9735
791.0357
792.0978
793.1599
794.2219
795.2839
796.3458
797.4077
798.4696
799.5314
800.5931
801.6549
802.7165
803.7782
804.8398
805.9013
806.9628
808.0243
809.0857
810.1471
811.2084
812.2697
813.3309
814.3922
815.4533
816.5144
817.5755
818.6366
819.6976
820.7585
821.8194
822.8803
823.9411
825.0019
826.0627
827.1234
828.184
829.2446
830.3052
831.3658
832.4263
833.4867
834.5471
835.6075
836.6679
837.7282
838.7884
839.8486
840.9088
841.9689
843.029
844.0891
845.1491
846.2091
847.269
848.3289
849.3888
850.4486
851.5083
852.5681
853.6278
854.6874
855.7471
856.8066
857.8662
858.9257
859.9851
861.0446
862.1039
863.1633
864.2226
865.2819
866.3411
867.4003
868.4594
869.5186
870.5776
871.6367
872.6957
873.7546
874.8136
875.8725
876.9313
877.9901
879.0489
880.1076
881.1663
882.225
883.2836
884.3422
885.4008
886.4593
887.5178
888.5762
889.6346
890.693
891.7513
892.8096
893.8679
894.9261
895.9843
897.0424
898.1005
899.1586
900.2166
901.2746
902.3326
903.3905
904.4484
905.5063
906.5641
907.6219
908.6796
909.7374
910.795
911.8527
912.9103
913.9679
915.0254
916.0829
917.1404
918.1978
919.2552
920.3126
921.3699
922.4272
923.4845
924.5417
925.5989
926.656
927.7132
928.7703
929.8273
930.8843
931.9413
932.9983
934.0552
935.1121
936.1689
937.2257
938.2825
939.3393
940.396
941.4526
942.5093
943.5659
944.6225
945.679
946.7355
947.792
948.8485
949.9049
950.9613
952.0176
953.0739
954.1302
955.1864
956.2427
957.2988
958.355
959.4111
960.4672
961.5232
962.5793
963.6352
964.6912
965.7471
966.803
967.8589
968.9147
969.9705
971.0262
972.082
973.1377
974.1933
975.249
976.3046
977.3601
978.4157
979.4712
980.5266
981.5821
982.6375
983.6929
984.7482
985.8035
986.8588
987.9141
988.9693
990.0245
991.0797
992.1348
993.1899
994.245
995.3
996.355
997.41
998.4649
999.5198
1000.575
1001.63
1002.684
1003.739
1004.794
1005.849
1006.903
1007.958
1009.013
1010.067
1011.122
1012.176
1013.231
1014.285
1015.34
1016.394
1017.449
1018.503
1019.557
1020.612
1021.666
1022.72
1023.775
1024.829
1025.883
1026.937
1027.991
1029.045
1030.099
1031.153
1032.207
1033.261
1034.315
1035.369
1036.423
1037.477
1038.531
1039.584
1040.638
1041.692
1042.746
1043.799
1044.853
1045.907
1046.96
1048.014
1049.067
1050.121
1051.174
1052.228
1053.281
1054.334
1055.388
1056.441
1057.494
1058.548
1059.601
1060.654
1061.707
1062.761
1063.814
1064.867
1065.92
1066.973
1068.026
1069.079
1070.132
1071.185
1072.238
1073.291
1074.344
1075.396
1076.449
1077.502
1078.555
1079.607
1080.66
1081.713
1082.765
1083.818
1084.871
1085.923
1086.976
1088.028
1089.081
1090.133
1091.186
1092.238
1093.29
1094.343
1095.395
1096.447
1097.5
1098.552
1099.604
1100.656
1101.709
1102.761
1103.813
1104.865
1105.917
1106.969
